183241	30	6
0	21086	0.245855	3364	0.534472	8.41831	
1	20078	0.236775	1681	0.48519	9.21288	0.692662	
2	28700	0.213299	3844	0.619378	6.48817	0.47363	0.550458	
3	11669	0.21861	961	0.48102	9.00917	0.636684	0.559207	0.626308	
4	15826	0.238272	4624	0.599824	6.46773	0.622913	0.73376	0.611322	0.542195	
5	41507	0.225693	1156	0.495653	12.3912	0.681113	0.660605	0.532542	0.619524	0.617016	
6	48549	0.211293	1521	0.571154	8.06913	0.645565	0.645714	0.503127	0.625141	0.562497	0.711905	
7	42517	0.2211	4096	0.695037	6.05586	0.666631	0.691247	0.598706	0.617506	0.760086	0.675346	0.63148	
8	47860	0.257832	5146	0.542263	8.30104	0.611721	0.599004	0.618805	0.735834	0.624636	0.621272	0.658523	0.705938	
9	40702	0.274504	441	0.457697	17.7009	0.700196	0.651166	0.595536	0.694361	0.63801	0.675234	0.619985	0.670623	0.67635	
10	86319	0.203242	6304	0.44006	7.61138	0.632517	0.668377	0.63742	0.623386	0.6396	0.664163	0.68325	0.705845	0.676397	0.683529	
11	73768	0.223371	3136	0.44193	8.09321	0.585359	0.632622	0.522743	0.573733	0.479848	0.573461	0.701433	0.455518	0.523106	0.553755	0.608216	
12	73481	0.218103	3600	0.443959	7.90197	0.57116	0.630058	0.528985	0.551447	0.466992	0.572223	0.684984	0.428372	0.494527	0.559607	0.61161	0.876742	
13	63840	0.202362	1600	0.603218	8.22695	0.636504	0.598922	0.59293	0.68008	0.564688	0.625942	0.617366	0.516967	0.597219	0.668016	0.633885	0.674928	0.649447	
14	62527	0.336802	6724	0.589656	6.96341	0.64558	0.729746	0.527543	0.523329	0.836017	0.616282	0.573855	0.804046	0.600609	0.626856	0.643487	0.438809	0.414531	0.532019	
15	107583	0.308287	2401	0.395672	8.41232	0.719051	0.673111	0.580631	0.643117	0.692318	0.683682	0.627117	0.736239	0.705659	0.701164	0.716785	0.496975	0.497258	0.580473	0.672469	
16	115008	0.284754	3364	0.538779	9.78144	0.59675	0.624386	0.619261	0.666252	0.533055	0.584581	0.633236	0.564032	0.723889	0.671547	0.710491	0.615103	0.634148	0.644859	0.485609	0.659074	
17	114526	0.263217	529	0.62092	8.37544	0.673745	0.697525	0.628827	0.659985	0.765422	0.669699	0.706717	0.700188	0.70271	0.668184	0.738227	0.623843	0.614517	0.689433	0.740352	0.703479	0.631195	
18	107544	0.302491	2304	0.395153	8.45603	0.717399	0.668481	0.56974	0.639372	0.687027	0.690061	0.636505	0.733814	0.707259	0.699024	0.719573	0.51298	0.508604	0.580181	0.667451	0.926719	0.657136	0.706441	
19	110994	0.466309	3025	0.580135	11.5326	0.70317	0.748716	0.726469	0.727196	0.728394	0.697165	0.654403	0.750392	0.729441	0.730602	0.777029	0.633474	0.615155	0.692218	0.710124	0.786798	0.722349	0.782617	0.787857	
20	152057	0.22006	1885	0.505961	6.50574	0.563847	0.61449	0.495211	0.604177	0.50669	0.640728	0.713111	0.566034	0.627261	0.6262	0.616981	0.71364	0.685142	0.706824	0.502609	0.50351	0.635876	0.628328	0.520558	0.630782	
21	148863	0.202512	6084	0.489528	6.01345	0.596865	0.57674	0.61391	0.583144	0.526955	0.646378	0.62068	0.66427	0.619952	0.635224	0.691842	0.485653	0.497594	0.575907	0.557639	0.68669	0.614298	0.587727	0.68984	0.713689	0.58792	
22	147324	0.206707	900	0.513713	7.34932	0.492501	0.616706	0.550988	0.39527	0.66212	0.557486	0.499807	0.638706	0.512325	0.529747	0.640987	0.418811	0.440362	0.398978	0.628482	0.666969	0.538578	0.598005	0.675477	0.710699	0.39848	0.634846	
23	148838	0.210139	7650	0.503322	5.86383	0.621048	0.632336	0.58219	0.518603	0.599859	0.614514	0.631138	0.642526	0.589064	0.655409	0.674315	0.626762	0.641945	0.607912	0.594116	0.622815	0.617585	0.631616	0.640914	0.670593	0.629201	0.623248	0.537762	
24	126848	0.243331	1089	0.39614	10.1691	0.737273	0.816997	0.677244	0.672538	0.780056	0.745734	0.723216	0.756494	0.689495	0.760457	0.794322	0.726837	0.717876	0.745177	0.766792	0.764271	0.717003	0.808447	0.770341	0.856613	0.691317	0.689206	0.675212	0.729322	
25	158648	0.302273	3364	0.473617	5.95439	0.688361	0.700383	0.619399	0.611122	0.647789	0.690864	0.684682	0.644526	0.608326	0.67917	0.763917	0.709639	0.698543	0.663141	0.592274	0.70143	0.660516	0.700502	0.722829	0.806725	0.626989	0.692487	0.697437	0.665501	0.83138	
26	169973	0.202898	1521	0.624935	6.85961	0.661523	0.711719	0.628447	0.546954	0.749212	0.737008	0.7088	0.735204	0.634758	0.67634	0.728999	0.560494	0.591375	0.602344	0.742442	0.702863	0.596653	0.794732	0.712381	0.770029	0.618356	0.666571	0.663214	0.726161	0.793948	0.701847	
27	155091	0.224166	1600	0.431043	5.25513	0.63397	0.620019	0.532002	0.457102	0.630925	0.664032	0.648705	0.660374	0.581248	0.616782	0.675554	0.500326	0.533317	0.487229	0.597554	0.678426	0.603728	0.673985	0.708286	0.696673	0.51824	0.662496	0.716666	0.673203	0.698387	0.731985	0.768169	
28	161922	0.214039	4624	0.466876	5.11743	0.596173	0.54611	0.617124	0.495355	0.529379	0.604601	0.515825	0.63667	0.547588	0.595079	0.654636	0.51112	0.534914	0.519424	0.538051	0.666654	0.555343	0.530441	0.647989	0.673912	0.462758	0.726006	0.574525	0.69936	0.691037	0.688932	0.62876	0.644109	
29	173121	0.257072	4096	0.49195	5.00285	0.579347	0.643777	0.640457	0.571565	0.648562	0.605466	0.627304	0.668914	0.653834	0.644568	0.75705	0.623231	0.618132	0.603599	0.650785	0.667141	0.705696	0.719016	0.684199	0.767875	0.600884	0.666584	0.671681	0.727544	0.784653	0.713575	0.712486	0.682424	0.639933	
